100
0.757740	0.805914	0.685988	0.527368	0.226096	0.739013	0.328896	0.226296	0.125923	0.228369	0.434254	0.795360	0.234667	0.617586	0.232362	0.329964	0.680662	0.608446	0.669007	0.536146	0.715051	0.492895	0.747112	0.823840	0.595930	0.207073	0.601904	0.745063	0.519481	0.344133	0.433338	0.632074	0.341245	0.524281	0.156691	0.729690	0.400774	0.733810	0.537205	0.909457	0.908418	0.470654	0.081269	0.278692	0.343980	0.859473	0.598791	0.485699	0.126305	0.873812	0.471029	0.381424	0.501598	0.341662	0.406155	0.295336	0.730320	0.785222	0.724623	0.862590	0.414369	0.875458	0.746760	0.634235	0.750211	0.045128	0.042914	0.701071	0.714220	0.552977	0.303751	0.337432	0.732075	0.289373	0.558303	0.277528	0.815226	0.233335	0.458023	0.456931	0.712211	0.377993	0.586151	0.395262	0.547935	0.439157	0.046984	0.578265	0.715402	0.438630	0.542183	0.749149	0.873831	0.265116	0.318097	0.242515	0.887650	0.300642	0.476466	0.887047	
0.805914	0.084436	0.419326	0.393373	0.620077	0.682134	0.785796	0.195397	0.326037	0.351929	0.429621	0.484191	0.463856	0.611543	0.419354	0.667851	0.453439	0.366799	0.526678	0.404769	0.040901	0.135093	0.454087	0.219668	0.309896	0.462533	0.084927	0.686055	0.972290	0.369817	0.572432	0.652711	0.858586	0.594999	0.282814	0.819815	0.320534	0.406145	0.442142	0.132969	0.195910	0.650664	0.765534	0.412078	0.237999	0.568576	0.321465	0.723180	0.305928	0.490597	0.247140	0.513265	0.760489	0.414664	0.673392	0.663601	0.576668	0.642012	0.203590	0.711392	0.482190	0.569734	0.759287	0.671337	0.271325	0.636707	0.684680	0.415760	0.679021	0.584032	0.429402	0.257291	0.469706	0.410375	0.892116	0.608093	0.469375	0.614330	0.755718	0.330831	0.932918	0.717741	0.451581	0.347172	0.779598	0.387767	0.196463	0.587287	0.124431	0.863931	0.361738	0.513783	0.540056	0.127212	0.569969	0.535012	0.939237	0.295691	0.213061	0.574310	
0.685988	0.419326	0.111119	0.337432	0.467931	0.783818	0.495982	0.753998	0.631497	0.482146	0.232428	0.170421	0.220218	0.544223	0.726536	0.230763	0.428728	0.795329	0.170165	0.482618	0.670319	0.592462	0.424678	0.385223	0.719253	0.909873	0.362300	0.467453	0.547925	0.404100	0.781130	0.787553	0.463600	0.659672	0.828439	0.409412	0.462662	0.738083	0.569303	0.491225	0.569967	0.212105	0.363131	0.394506	0.724995	0.129497	0.515159	0.596580	0.694051	0.357682	0.946336	0.856254	0.417715	0.637247	0.371622	0.323925	0.821936	0.436929	0.723477	0.738513	0.565875	0.465734	0.442648	0.499922	0.740822	0.358294	0.141875	0.456882	0.179673	0.289675	0.171622	0.626862	0.490020	0.575912	0.479321	0.154696	0.341334	0.298454	0.181632	0.264678	0.367148	0.823214	0.838512	0.813476	0.492959	0.636322	0.563015	0.833808	0.534149	0.799171	0.633587	0.696494	0.599316	0.254378	0.392375	0.488591	0.287029	0.624644	0.699047	0.404371	
0.527368	0.393373	0.337432	0.656860	0.542699	0.242006	0.661202	0.345439	0.606508	0.295752	0.383417	0.464852	0.541136	0.306251	0.561863	0.737705	0.941247	0.208482	0.404546	0.507634	0.611956	0.533794	0.585274	0.686249	0.691023	0.342884	0.703603	0.584543	0.288002	0.804454	0.643477	0.184079	0.324568	0.537677	0.501211	0.118199	0.397288	0.529264	0.723161	0.289148	0.278592	0.401201	0.702085	0.238341	0.630998	0.418672	0.245014	0.138396	0.673588	0.561206	0.121924	0.447194	0.390685	0.285252	0.666135	0.197967	0.319405	0.661913	0.349631	0.416681	0.957307	0.394061	0.240720	0.402761	0.247110	0.767035	0.652278	0.861522	0.537084	0.756084	0.304879	0.684015	0.392835	0.239291	0.153374	0.575116	0.172752	0.314138	0.531633	0.655785	0.359413	0.420700	0.146812	0.190302	0.515703	0.668929	0.355266	0.206106	0.471033	0.780666	0.843592	0.648541	0.220718	0.105717	0.471428	0.791519	0.546941	0.229939	0.567352	0.271942	
0.226096	0.620077	0.467931	0.542699	0.875372	0.328463	0.962963	0.553089	0.799817	0.335031	0.529995	0.530780	0.383043	0.551229	0.386782	0.259831	0.204909	0.600091	0.513186	0.249646	0.506751	0.367181	0.163869	0.434959	0.413479	0.805841	0.416255	0.293945	0.484516	0.673068	0.526500	0.162136	0.779525	0.590014	0.412999	0.584609	0.541435	0.493583	0.268333	0.361847	0.683292	0.370208	0.603081	0.173261	0.934616	0.530019	0.865175	0.359921	0.510536	0.049235	0.656043	0.501368	0.588671	0.358589	0.384660	0.681875	0.582663	0.791599	0.864998	0.463608	0.428197	0.140152	0.271742	0.656533	0.526577	0.452731	0.591763	0.620674	0.568927	0.545843	0.285480	0.758094	0.496881	0.261187	0.538914	0.462789	0.486344	0.868324	0.418068	0.337824	0.151778	0.733788	0.744636	0.535616	0.427108	0.712750	0.652706	0.542053	0.836447	0.530271	0.747262	0.413454	0.315460	0.076404	0.292580	0.500187	0.591985	0.223040	0.791087	0.736327	
0.739013	0.682134	0.783818	0.242006	0.328463	0.696266	0.431425	0.718768	0.507412	0.493006	0.556100	0.352698	0.800736	0.508272	0.314693	0.208035	0.171519	0.648874	0.177567	0.094181	0.843701	0.566411	0.635982	0.468940	0.258018	0.682122	0.214771	0.407851	0.850832	0.618447	0.112379	0.521311	0.272286	0.252598	0.454882	0.457673	0.531688	0.718121	0.551370	0.520284	0.214240	0.634531	0.388853	0.456480	0.564002	0.425556	0.690908	0.608066	0.486206	0.272533	0.495059	0.776917	0.132621	0.661822	0.721553	0.457965	0.781899	0.485152	0.339993	0.324645	0.411860	0.780825	0.795075	0.693362	0.439422	0.672585	0.465145	0.511085	0.130308	0.379188	0.470315	0.287684	0.326952	0.304028	0.398782	0.464674	0.495606	0.912012	0.656262	0.615810	0.421069	0.843413	0.785857	0.189074	0.440443	0.386272	0.782885	0.470325	0.374852	0.505468	0.560912	0.743568	0.620989	0.565392	0.434971	0.531814	0.702769	0.241521	0.628250	0.227733	
0.328896	0.785796	0.495982	0.661202	0.962963	0.431425	0.581446	0.516162	0.365968	0.020708	0.071255	0.520847	0.441658	0.780763	0.299668	0.494309	0.485764	0.451734	0.539101	0.484185	0.406398	0.409886	0.507346	0.525378	0.265764	0.298452	0.473455	0.456564	0.573103	0.603838	0.488865	0.781445	0.562283	0.467348	0.458890	0.387275	0.738228	0.509138	0.677430	0.569089	0.425400	0.605216	0.352693	0.290950	0.578695	0.668880	0.083317	0.184688	0.318808	0.136627	0.527803	0.538723	0.148877	0.639089	0.401706	0.600114	0.383763	0.776675	0.632841	0.822008	0.569616	0.598816	0.518907	0.381949	0.622215	0.139380	0.327960	0.633561	0.229347	0.433839	0.435279	0.662007	0.458270	0.324195	0.757799	0.430632	0.864666	0.422535	0.503470	0.450108	0.556053	0.508956	0.525117	0.925025	0.164099	0.538797	0.306909	0.667524	0.946572	0.409147	0.682620	0.513698	0.806680	0.714746	0.061247	0.463232	0.520326	0.525522	0.262087	0.521727	
0.226296	0.195397	0.753998	0.345439	0.553089	0.718768	0.516162	0.745546	0.759100	0.426023	0.547382	0.468084	0.173669	0.208754	0.401753	0.534397	0.502175	0.285588	0.031543	0.348101	0.419866	0.563446	0.383671	0.080976	0.310714	0.464838	0.529391	0.799170	0.602803	0.238093	0.044648	0.208276	0.196500	0.386776	0.735007	0.423123	0.148524	0.287378	0.753210	0.823319	0.550321	0.311338	0.874883	0.610768	0.319987	0.523140	0.363507	0.141616	0.463040	0.485289	0.679173	0.495353	0.661489	0.549771	0.475659	0.699907	0.508777	0.499296	0.246592	0.766692	0.467842	0.496015	0.747868	0.536654	0.206347	0.762185	0.370217	0.790790	0.606979	0.783057	0.256616	0.373855	0.422824	0.800102	0.908494	0.492059	0.099862	0.466006	0.195106	0.109423	0.562593	0.438285	0.498668	0.745763	0.559827	0.526583	0.238198	0.639247	0.932895	0.855116	0.274295	0.431162	0.277715	0.711930	0.698233	0.632918	0.348856	0.557666	0.515599	0.558795	
0.125923	0.326037	0.631497	0.606508	0.799817	0.507412	0.365968	0.759100	0.100606	0.305793	0.518966	0.370509	0.216936	0.650757	0.282113	0.069196	0.587548	0.470844	0.759280	0.644288	0.502974	0.404350	0.664964	0.366021	0.774999	0.529731	0.638315	0.226381	0.168200	0.657686	0.681894	0.403991	0.365313	0.552726	0.497647	0.458584	0.593324	0.493428	0.773708	0.253638	0.346110	0.793574	0.615288	0.395895	0.210198	0.413266	0.257304	0.631383	0.694214	0.481265	0.445559	0.420647	0.468363	0.293207	0.418977	0.249902	0.253150	0.471755	0.457075	0.561109	0.176452	0.370345	0.210420	0.737333	0.683271	0.694749	0.544562	0.114739	0.382340	0.630584	0.770412	0.582943	0.461302	0.363684	0.690374	0.505578	0.255169	0.489695	0.274324	0.331148	0.739441	0.559913	0.496055	0.644639	0.364565	0.380861	0.366270	0.188566	0.766822	0.543226	0.319187	0.469288	0.251447	0.393774	0.470118	0.556540	0.185002	0.545006	0.622535	0.649902	
0.228369	0.351929	0.482146	0.295752	0.335031	0.493006	0.020708	0.426023	0.305793	0.653690	0.851392	0.722942	0.596926	0.533529	0.407119	0.857003	0.506932	0.859262	0.374331	0.541676	0.627921	0.261543	0.192269	0.707579	0.211017	0.123534	0.652115	0.879596	0.752048	0.664854	0.381841	0.775826	0.557750	0.837554	0.271169	0.574446	0.817473	0.159497	0.521150	0.517736	0.379499	0.248032	0.390945	0.514240	0.571044	0.062373	0.625882	0.574620	0.524687	0.254826	0.498668	0.478804	0.672181	0.337965	0.588282	0.383166	0.254467	0.328011	0.841771	0.350179	0.389450	0.767105	0.545888	0.245281	0.709199	0.328765	0.790920	0.650710	0.754984	0.642763	0.815917	0.695160	0.705449	0.042411	0.741963	0.403651	0.266068	0.848360	0.478592	0.617417	0.530913	0.294879	0.167317	0.312016	0.637437	0.281419	0.426257	0.461234	0.875191	0.725478	0.748696	0.186408	0.743907	0.495790	0.806694	0.351933	0.246876	0.111323	0.519722	0.465572	
0.434254	0.429621	0.232428	0.383417	0.529995	0.556100	0.071255	0.547382	0.518966	0.851392	0.813113	0.644835	0.705981	0.482761	0.379370	0.352833	0.200288	0.263803	0.114566	0.605411	0.657573	0.129212	0.617399	0.145188	0.556385	0.634487	0.204976	0.498754	0.470445	0.798510	0.493664	0.569226	0.874649	0.774378	0.465495	0.167866	0.345016	0.402655	0.472444	0.525636	0.704300	0.701687	0.359201	0.586645	0.597190	0.869077	0.715084	0.570334	0.756436	0.293160	0.609654	0.582620	0.281368	0.353965	0.593959	0.243117	0.339421	0.563350	0.736781	0.665805	0.453227	0.458870	0.350623	0.443086	0.826310	0.485387	0.766962	0.339131	0.783261	0.581517	0.692836	0.589509	0.449488	0.551228	0.500461	0.821895	0.469911	0.235275	0.441456	0.722068	0.632582	0.343208	0.442787	0.696985	0.820182	0.574910	0.504232	0.767890	0.247086	0.743192	0.366387	0.334929	0.456964	0.740087	0.854752	0.265953	0.232970	0.324717	0.681607	0.313835	
0.795360	0.484191	0.170421	0.464852	0.530780	0.352698	0.520847	0.468084	0.370509	0.722942	0.644835	0.628924	0.323220	0.444379	0.444403	0.731421	0.414415	0.792290	0.420994	0.435921	0.558955	0.394772	0.593131	0.781620	0.663181	0.580291	0.417404	0.400521	0.750144	0.394371	0.625251	0.581455	0.515858	0.551118	0.769817	0.671027	0.240687	0.289289	0.598661	0.361713	0.237934	0.604645	0.256005	0.781762	0.272389	0.637537	0.765375	0.601751	0.568772	0.612434	0.506501	0.588199	0.035714	0.507661	0.676379	0.436285	0.337504	0.780889	0.379639	0.578980	0.379408	0.325972	0.177815	0.276717	0.275420	0.509401	0.876668	0.308810	0.370219	0.364353	0.791326	0.480754	0.580537	0.319623	0.571569	0.579864	0.608707	0.523821	0.577382	0.452022	0.694622	0.021193	0.498600	0.290162	0.500423	0.321727	0.560396	0.182981	0.789784	0.641208	0.448294	0.397379	0.607786	0.577557	0.511366	0.289754	0.480128	0.161139	0.466121	0.366163	
0.234667	0.463856	0.220218	0.541136	0.383043	0.800736	0.441658	0.173669	0.216936	0.596926	0.705981	0.323220	0.686223	0.794219	0.035218	0.533038	0.210457	0.304682	0.464318	0.665778	0.595093	0.324297	0.256137	0.860557	0.754191	0.436759	0.664932	0.853493	0.573570	0.614081	0.243542	0.239066	0.616582	0.600697	0.492703	0.727323	0.728865	0.313268	0.505972	0.360085	0.425801	0.487643	0.464952	0.650732	0.327010	0.276977	0.406779	0.479386	0.842322	0.700971	0.209338	0.442215	0.596337	0.378165	0.868870	0.694867	0.357432	0.477061	0.348336	0.050987	0.308288	0.370553	0.630714	0.259280	0.634389	0.459376	0.608582	0.662940	0.360897	0.624773	0.566729	0.339482	0.328500	0.738381	0.453888	0.631632	0.477568	0.864049	0.608683	0.725625	0.824261	0.465112	0.760914	0.605624	0.666645	0.691450	0.236177	0.185886	0.429838	0.671671	0.563475	0.772952	0.616710	0.520823	0.804591	0.365475	0.553513	0.788102	0.502476	0.627712	
0.617586	0.611543	0.544223	0.306251	0.551229	0.508272	0.780763	0.208754	0.650757	0.533529	0.482761	0.444379	0.794219	0.834369	0.736670	0.291043	0.228578	0.382781	0.584381	0.525648	0.652690	0.147022	0.560496	0.470105	0.290729	0.497335	0.768886	0.331927	0.292036	0.541360	0.618940	0.617744	0.731876	0.541737	0.316217	0.454987	0.567019	0.741957	0.402521	0.520504	0.422359	0.372834	0.205634	0.397337	0.534681	0.288786	0.418076	0.287315	0.438524	0.367725	0.423085	0.352421	0.707843	0.888442	0.519370	0.961735	0.476145	0.656208	0.612067	0.340812	0.431485	0.203509	0.939737	0.368099	0.312191	0.674078	0.366133	0.681990	0.791274	0.640030	0.483720	0.166201	0.272820	0.793210	0.489624	0.387390	0.425076	0.853961	0.680950	0.192191	0.664089	0.498870	0.621118	0.375658	0.349143	0.693561	0.514302	0.646031	0.420914	0.549512	0.338229	0.514711	0.268766	0.807828	0.838962	0.618851	0.452080	0.604335	0.472000	0.588761	
0.232362	0.419354	0.726536	0.561863	0.386782	0.314693	0.299668	0.401753	0.282113	0.407119	0.379370	0.444403	0.035218	0.736670	0.078069	0.674541	0.467626	0.240914	0.349441	0.155141	0.750540	0.440703	0.260819	0.353578	0.511911	0.244361	0.357007	0.616721	0.669057	0.668882	0.653401	0.521859	0.553605	0.338185	0.490848	0.363810	0.337829	0.165677	0.616043	0.828661	0.551717	0.519455	0.420550	0.480043	0.251640	0.289402	0.510387	0.527358	0.333644	0.724575	0.501442	0.470300	0.953816	0.499531	0.449557	0.518406	0.788249	0.724413	0.746391	0.333039	0.296824	0.412454	0.247686	0.439572	0.339803	0.846089	0.512816	0.223270	0.642881	0.364247	0.294995	0.658087	0.578008	0.497039	0.220398	0.518102	0.199895	0.114665	0.700216	0.408337	0.465353	0.215948	0.407724	0.333773	0.508658	0.430362	0.832952	0.047238	0.441000	0.315868	0.172496	0.110733	0.398262	0.318672	0.283048	0.524374	0.563593	0.755144	0.881091	0.659844	
0.329964	0.667851	0.230763	0.737705	0.259831	0.208035	0.494309	0.534397	0.069196	0.857003	0.352833	0.731421	0.533038	0.291043	0.674541	0.705951	0.368321	0.655538	0.113378	0.433498	0.259245	0.625465	0.584984	0.826166	0.242795	0.377719	0.595533	0.718587	0.461377	0.595970	0.440290	0.863300	0.370341	0.642602	0.326283	0.569482	0.796109	0.390746	0.179231	0.520542	0.403579	0.489792	0.666297	0.184843	0.384247	0.450307	0.199603	0.432725	0.311556	0.613205	0.559189	0.818196	0.708693	0.251602	0.583238	0.282104	0.256266	0.298865	0.369948	0.594865	0.626152	0.341959	0.324005	0.437047	0.524055	0.763167	0.331476	0.690248	0.696242	0.273123	0.540973	0.463940	0.093253	0.267400	0.531877	0.440530	0.326121	0.817038	0.339634	0.318117	0.412281	0.585932	0.913791	0.922521	0.438953	0.086371	0.405629	0.489902	0.971036	0.431660	0.512213	0.463875	0.788198	0.740470	0.822931	0.608251	0.203818	0.364394	0.221380	0.065183	
0.680662	0.453439	0.428728	0.941247	0.204909	0.171519	0.485764	0.502175	0.587548	0.506932	0.200288	0.414415	0.210457	0.228578	0.467626	0.368321	0.614627	0.503098	0.650170	0.556458	0.318961	0.446175	0.622367	0.147388	0.479013	0.694250	0.321136	0.865646	0.672568	0.465685	0.536430	0.196076	0.621569	0.435755	0.786337	0.667451	0.617724	0.267269	0.449314	0.326690	0.848398	0.876706	0.593186	0.628415	0.154313	0.300367	0.705555	0.559874	0.537852	0.466991	0.211078	0.625917	0.389244	0.735851	0.690661	0.537679	0.872062	0.784570	0.646872	0.429407	0.546774	0.565600	0.150467	0.136308	0.312355	0.736138	0.674074	0.562977	0.628192	0.255191	0.739315	0.602318	0.373031	0.160453	0.262020	0.901212	0.701133	0.474185	0.057467	0.307386	0.288393	0.830463	0.107834	0.238506	0.327788	0.427785	0.743862	0.264007	0.443109	0.267676	0.568918	0.331299	0.330226	0.407350	0.515263	0.757192	0.705813	0.168901	0.189507	0.622672	
0.608446	0.366799	0.795329	0.208482	0.600091	0.648874	0.451734	0.285588	0.470844	0.859262	0.263803	0.792290	0.304682	0.382781	0.240914	0.655538	0.503098	0.186571	0.567631	0.482697	0.927208	0.779088	0.663946	0.664851	0.264371	0.638450	0.224289	0.425802	0.756838	0.916273	0.437080	0.393469	0.819532	0.201207	0.534474	0.582605	0.328051	0.159382	0.338579	0.316670	0.567650	0.677289	0.713601	0.776067	0.668281	0.498511	0.708468	0.256261	0.612504	0.722773	0.380072	0.757440	0.777255	0.854392	0.362752	0.537774	0.103780	0.358045	0.599401	0.324557	0.352513	0.585764	0.627474	0.410750	0.539214	0.522981	0.102028	0.688710	0.531112	0.487620	0.310805	0.403979	0.698329	0.584101	0.225432	0.306291	0.286650	0.382822	0.833687	0.556687	0.324735	0.477198	0.655066	0.643506	0.763800	0.593898	0.314735	0.890966	0.529411	0.393174	0.594008	0.765023	0.371373	0.656221	0.626368	0.809839	0.615312	0.578663	0.567565	0.780315	
0.669007	0.526678	0.170165	0.404546	0.513186	0.177567	0.539101	0.031543	0.759280	0.374331	0.114566	0.420994	0.464318	0.584381	0.349441	0.113378	0.650170	0.567631	0.780446	0.335387	0.525647	0.326255	0.479079	0.101781	0.673619	0.550956	0.432698	0.463290	0.755046	0.271249	0.295844	0.234073	0.519101	0.584865	0.235680	0.659961	0.773882	0.915575	0.163482	0.397958	0.654978	0.436162	0.507748	0.223796	0.390923	0.381473	0.365880	0.370107	0.744455	0.912790	0.557862	0.544116	0.382797	0.098794	0.316553	0.507636	0.700248	0.649456	0.466931	0.678717	0.135249	0.328271	0.567032	0.462001	0.730798	0.623317	0.426959	0.825563	0.601030	0.161569	0.385169	0.541772	0.632023	0.635956	0.452140	0.211499	0.709970	0.178714	0.524351	0.496940	0.761674	0.706530	0.579983	0.663720	0.489204	0.490386	0.260981	0.684651	0.435744	0.604968	0.455559	0.417748	0.690120	0.524627	0.890219	0.517724	0.778989	0.534988	0.809216	0.169825	
0.536146	0.404769	0.482618	0.507634	0.249646	0.094181	0.484185	0.348101	0.644288	0.541676	0.605411	0.435921	0.665778	0.525648	0.155141	0.433498	0.556458	0.482697	0.335387	0.740365	0.842003	0.803672	0.787587	0.404567	0.504706	0.494771	0.408222	0.555314	0.642091	0.542012	0.170596	0.620450	0.255324	0.412563	0.334513	0.729543	0.513360	0.697890	0.581029	0.297625	0.609813	0.100247	0.821633	0.551190	0.617330	0.719446	0.914733	0.385860	0.133833	0.361535	0.265760	0.342854	0.600765	0.106747	0.402174	0.690893	0.319867	0.418201	0.562193	0.401834	0.682101	0.763282	0.671676	0.473098	0.187430	0.386608	0.759936	0.680862	0.317652	0.693605	0.458222	0.275867	0.656021	0.505273	0.509891	0.781619	0.914040	0.238559	0.319208	0.310102	0.562313	0.330357	0.503750	0.429781	0.581584	0.437216	0.684565	0.091729	0.328696	0.859149	0.405505	0.467220	0.584093	0.633581	0.279153	0.406328	0.906671	0.616181	0.563091	0.422308	
0.715051	0.040901	0.670319	0.611956	0.506751	0.843701	0.406398	0.419866	0.502974	0.627921	0.657573	0.558955	0.595093	0.652690	0.750540	0.259245	0.318961	0.927208	0.525647	0.842003	0.203699	0.470570	0.468187	0.543395	0.345149	0.448590	0.438853	0.589946	0.300803	0.470148	0.648719	0.483617	0.482014	0.520319	0.718279	0.746654	0.398817	0.523951	0.560370	0.892625	0.303732	0.439001	0.475451	0.527543	0.626647	0.817902	0.318184	0.640945	0.745537	0.077801	0.927606	0.835693	0.416044	0.477880	0.145700	0.762614	0.286886	0.697390	0.539018	0.255839	0.383457	0.641505	0.177406	0.776802	0.848510	0.246376	0.455777	0.426407	0.581606	0.511424	0.612912	0.798230	0.579477	0.247069	0.500810	0.672840	0.492979	0.820288	0.644015	0.460690	0.730842	0.519974	0.139045	0.421473	0.628727	0.308195	0.796856	0.606371	0.632097	0.423114	0.407232	0.231321	0.631988	0.567500	0.971741	0.470553	0.411926	0.700765	0.474092	0.531503	
0.492895	0.135093	0.592462	0.533794	0.367181	0.566411	0.409886	0.563446	0.404350	0.261543	0.129212	0.394772	0.324297	0.147022	0.440703	0.625465	0.446175	0.779088	0.326255	0.803672	0.470570	0.978564	0.769117	0.485718	0.573053	0.406542	0.484981	0.547486	0.444428	0.491650	0.323861	0.374618	0.304837	0.508614	0.409519	0.196819	0.724222	0.563107	0.382452	0.510007	0.594854	0.814453	0.443676	0.561982	0.625916	0.907322	0.608701	0.293681	0.258601	0.334723	0.636518	0.464681	0.328996	0.527301	0.170055	0.691124	0.576863	0.947500	0.109060	0.564856	0.414633	0.373630	0.345152	0.510920	0.499823	0.715626	0.464172	0.566287	0.351183	0.899288	0.177270	0.470569	0.675416	0.446124	0.620361	0.278738	0.711008	0.611543	0.501771	0.148644	0.674735	0.527390	0.514405	0.395541	0.506935	0.156264	0.699389	0.494476	0.562540	0.417647	0.938162	0.705482	0.719566	0.096873	0.188827	0.419183	0.633782	0.885421	0.469425	0.314363	
0.747112	0.454087	0.424678	0.585274	0.163869	0.635982	0.507346	0.383671	0.664964	0.192269	0.617399	0.593131	0.256137	0.560496	0.260819	0.584984	0.622367	0.663946	0.479079	0.787587	0.468187	0.769117	0.131831	0.310864	0.374098	0.187600	0.436197	0.246661	0.886582	0.767868	0.832058	0.645390	0.533844	0.900330	0.683754	0.539510	0.831070	0.390492	0.312175	0.882027	0.668212	0.552628	0.388700	0.772975	0.234485	0.415282	0.524930	0.700859	0.457615	0.642343	0.472970	0.486531	0.368064	0.436982	0.726494	0.177107	0.724556	0.489496	0.480899	0.489858	0.458669	0.475117	0.412474	0.660742	0.732229	0.332162	0.808603	0.672008	0.343803	0.464652	0.130713	0.812934	0.226442	0.570219	0.342495	0.426248	0.913969	0.481660	0.740439	0.615954	0.385021	0.485743	0.781059	0.437358	0.106031	0.489179	0.684522	0.622920	0.259882	0.294090	0.738580	0.257208	0.596359	0.764224	0.684426	0.165548	0.405871	0.458764	0.774899	0.349620	
0.823840	0.219668	0.385223	0.686249	0.434959	0.468940	0.525378	0.080976	0.366021	0.707579	0.145188	0.781620	0.860557	0.470105	0.353578	0.826166	0.147388	0.664851	0.101781	0.404567	0.543395	0.485718	0.310864	0.277611	0.751599	0.501426	0.340371	0.607034	0.589636	0.177640	0.167678	0.596030	0.217760	0.258953	0.814479	0.117319	0.389389	0.568679	0.537416	0.380125	0.353139	0.288142	0.569569	0.491847	0.488127	0.299798	0.559224	0.165945	0.657953	0.121296	0.635503	0.400891	0.837577	0.323693	0.267124	0.360718	0.319740	0.479932	0.600504	0.371174	0.558936	0.867448	0.674854	0.789995	0.265296	0.097599	0.420778	0.455144	0.452371	0.210787	0.519840	0.204085	0.728970	0.371044	0.660322	0.824381	0.277061	0.225134	0.578829	0.754790	0.408310	0.913946	0.742342	0.452367	0.616372	0.471163	0.786579	0.204789	0.254948	0.436897	0.185918	0.818340	0.279053	0.834091	0.566739	0.534693	0.662000	0.197701	0.532633	0.375028	
0.595930	0.309896	0.719253	0.691023	0.413479	0.258018	0.265764	0.310714	0.774999	0.211017	0.556385	0.663181	0.754191	0.290729	0.511911	0.242795	0.479013	0.264371	0.673619	0.504706	0.345149	0.573053	0.374098	0.751599	0.558565	0.484578	0.409391	0.477891	0.501275	0.570192	0.941707	0.623925	0.478386	0.384911	0.550798	0.453440	0.343082	0.686454	0.542676	0.199863	0.482454	0.167100	0.751011	0.509312	0.472560	0.192141	0.647351	0.589719	0.186570	0.477113	0.434461	0.794304	0.544869	0.164044	0.238993	0.441678	0.531459	0.230576	0.162600	0.420885	0.098584	0.632498	0.550272	0.231354	0.936166	0.437642	0.451286	0.115075	0.457260	0.855552	0.758741	0.600412	0.748614	0.452510	0.455676	0.625121	0.667622	0.308413	0.591085	0.455438	0.505660	0.330503	0.639584	0.699778	0.923539	0.868730	0.648379	0.415999	0.308740	0.517332	0.613458	0.440540	0.433610	0.201691	0.358184	0.723177	0.369797	0.436366	0.485690	0.612447	
0.207073	0.462533	0.909873	0.342884	0.805841	0.682122	0.298452	0.464838	0.529731	0.123534	0.634487	0.580291	0.436759	0.497335	0.244361	0.377719	0.694250	0.638450	0.550956	0.494771	0.448590	0.406542	0.187600	0.501426	0.484578	0.888391	0.465409	0.670500	0.852162	0.792730	0.840187	0.245394	0.450324	0.777344	0.348503	0.753549	0.622863	0.082981	0.766173	0.508436	0.582988	0.550042	0.428784	0.714501	0.696074	0.442902	0.480872	0.396884	0.401938	0.777904	0.321571	0.302892	0.621812	0.480623	0.343679	0.722192	0.136836	0.731400	0.358910	0.380635	0.746424	0.777573	0.710897	0.564192	0.437135	0.269155	0.423308	0.269399	0.356931	0.906075	0.192073	0.523864	0.057580	0.872316	0.657018	0.073247	0.430321	0.492385	0.327564	0.450538	0.416450	0.764199	0.556385	0.469143	0.399796	0.346750	0.465416	0.868565	0.597648	0.599392	0.593466	0.341603	0.687342	0.362437	0.435149	0.124227	0.593147	0.387723	0.879320	0.555123	
0.601904	0.084927	0.362300	0.703603	0.416255	0.214771	0.473455	0.529391	0.638315	0.652115	0.204976	0.417404	0.664932	0.768886	0.357007	0.595533	0.321136	0.224289	0.432698	0.408222	0.438853	0.484981	0.436197	0.340371	0.409391	0.465409	0.203676	0.782437	0.449455	0.405722	0.556345	0.123750	0.498844	0.377972	0.565432	0.824290	0.381673	0.529942	0.508617	0.848949	0.600955	0.888448	0.342106	0.368763	0.849256	0.779297	0.415003	0.678981	0.561157	0.596191	0.411162	0.364704	0.365333	0.689679	0.224081	0.518277	0.425226	0.705508	0.606315	0.704765	0.639626	0.778043	0.521731	0.519212	0.807391	0.699407	0.741768	0.624041	0.726198	0.817484	0.583626	0.395195	0.690048	0.104318	0.081470	0.368480	0.714354	0.409486	0.727022	0.538794	0.245355	0.246520	0.416772	0.912705	0.782731	0.281454	0.537488	0.633081	0.419914	0.637831	0.736061	0.396288	0.702775	0.642286	0.194604	0.751472	0.907087	0.593939	0.395081	0.578930	
0.745063	0.686055	0.467453	0.584543	0.293945	0.407851	0.456564	0.799170	0.226381	0.879596	0.498754	0.400521	0.853493	0.331927	0.616721	0.718587	0.865646	0.425802	0.463290	0.555314	0.589946	0.547486	0.246661	0.607034	0.477891	0.670500	0.782437	0.934709	0.621964	0.478914	0.628292	0.804207	0.065086	0.299065	0.376003	0.605718	0.616682	0.593591	0.331696	0.513572	0.394054	0.455074	0.406607	0.306781	0.288362	0.206266	0.608066	0.524376	0.267094	0.467378	0.716123	0.716268	0.228899	0.130229	0.189202	0.375294	0.453577	0.405854	0.386110	0.809264	0.314692	0.423192	0.731834	0.397361	0.870183	0.326259	0.546909	0.298274	0.472083	0.232852	0.554088	0.799202	0.312426	0.581547	0.338123	0.639972	0.396692	0.630425	0.597033	0.392491	0.346813	0.721033	0.815651	0.607086	0.243595	0.863718	0.581441	0.612834	0.272156	0.601703	0.331161	0.417703	0.509205	0.358210	0.685988	0.486685	0.634931	0.437256	0.342186	0.529774	
0.519481	0.972290	0.547925	0.288002	0.484516	0.850832	0.573103	0.602803	0.168200	0.752048	0.470445	0.750144	0.573570	0.292036	0.669057	0.461377	0.672568	0.756838	0.755046	0.642091	0.300803	0.444428	0.886582	0.589636	0.501275	0.852162	0.449455	0.621964	0.213215	0.223052	0.536830	0.859783	0.444163	0.704337	0.416059	0.640323	0.457306	0.379593	0.357509	0.443118	0.625580	0.636899	0.358913	0.292692	0.536343	0.526588	0.504630	0.432909	0.261666	0.253800	0.434591	0.229827	0.336725	0.444441	0.204378	0.714782	0.646479	0.455558	0.611561	0.491983	0.174573	0.846017	0.502162	0.346488	0.178694	0.440255	0.873733	0.477725	0.358107	0.317437	0.396905	0.712958	0.853450	0.733741	0.293501	0.809659	0.326745	0.754374	0.067112	0.491363	0.655953	0.273956	0.664784	0.618121	0.632907	0.204327	0.610752	0.557462	0.438634	0.558525	0.561532	0.577957	0.630263	0.541021	0.670549	0.621975	0.746670	0.479478	0.603679	0.617317	
0.344133	0.369817	0.404100	0.804454	0.673068	0.618447	0.603838	0.238093	0.657686	0.664854	0.798510	0.394371	0.614081	0.541360	0.668882	0.595970	0.465685	0.916273	0.271249	0.542012	0.470148	0.491650	0.767868	0.177640	0.570192	0.792730	0.405722	0.478914	0.223052	0.767244	0.154914	0.423883	0.427265	0.812506	0.735095	0.635599	0.359548	0.603722	0.685582	0.296237	0.258733	0.762204	0.518606	0.583076	0.494013	0.566609	0.730417	0.322393	0.543408	0.467886	0.713531	0.105779	0.699237	0.445202	0.559383	0.198552	0.509139	0.567242	0.631747	0.454008	0.537956	0.856307	0.323984	0.224892	0.626769	0.561933	0.726178	0.909234	0.389086	0.323093	0.841342	0.119086	0.829854	0.507307	0.777891	0.473932	0.613075	0.968969	0.560343	0.522097	0.319601	0.389782	0.750282	0.451197	0.515850	0.551736	0.605803	0.071490	0.516641	0.396650	0.639501	0.529796	0.325315	0.454804	0.335772	0.784895	0.476603	0.610092	0.673932	0.489271	
0.433338	0.572432	0.781130	0.643477	0.526500	0.112379	0.488865	0.044648	0.681894	0.381841	0.493664	0.625251	0.243542	0.618940	0.653401	0.440290	0.536430	0.437080	0.295844	0.170596	0.648719	0.323861	0.832058	0.167678	0.941707	0.840187	0.556345	0.628292	0.536830	0.154914	0.758974	0.553455	0.280105	0.406904	0.165851	0.326447	0.506445	0.848595	0.542496	0.427296	0.263601	0.791596	0.161479	0.707891	0.791083	0.711063	0.357255	0.674155	0.673507	0.802218	0.199285	0.712544	0.475051	0.557052	0.164907	0.445522	0.634510	0.464157	0.382757	0.301084	0.901506	0.586746	0.224071	0.553187	0.714773	0.677124	0.621612	0.891262	0.463681	0.603973	0.361207	0.433921	0.417581	0.655122	0.375066	0.945113	0.518077	0.460196	0.771882	0.691841	0.620371	0.662268	0.620351	0.232229	0.134999	0.680585	0.137057	0.370127	0.469320	0.831853	0.210449	0.682330	0.199916	0.480922	0.402238	0.563046	0.517199	0.561973	0.765711	0.742322	
0.632074	0.652711	0.787553	0.184079	0.162136	0.521311	0.781445	0.208276	0.403991	0.775826	0.569226	0.581455	0.239066	0.617744	0.521859	0.863300	0.196076	0.393469	0.234073	0.620450	0.483617	0.374618	0.645390	0.596030	0.623925	0.245394	0.123750	0.804207	0.859783	0.423883	0.553455	0.912875	0.647718	0.646341	0.874594	0.162488	0.293145	0.430241	0.367530	0.851484	0.400825	0.070225	0.557265	0.517477	0.430664	0.355154	0.614908	0.730773	0.838109	0.302875	0.207456	0.414077	0.715307	0.598586	0.538153	0.356520	0.886752	0.396575	0.735377	0.795110	0.669025	0.497535	0.117462	0.480915	0.490433	0.681334	0.590549	0.629140	0.649115	0.223588	0.502383	0.373006	0.266873	0.370695	0.826202	0.423100	0.296781	0.452277	0.622631	0.569505	0.372214	0.272636	0.466122	0.749399	0.782209	0.796134	0.601509	0.409901	0.682280	0.733608	0.450359	0.826215	0.776014	0.747087	0.431634	0.213337	0.290718	0.284147	0.588061	0.528198	
0.341245	0.858586	0.463600	0.324568	0.779525	0.272286	0.562283	0.196500	0.365313	0.557750	0.874649	0.515858	0.616582	0.731876	0.553605	0.370341	0.621569	0.819532	0.519101	0.255324	0.482014	0.304837	0.533844	0.217760	0.478386	0.450324	0.498844	0.065086	0.444163	0.427265	0.280105	0.647718	0.393435	0.068917	0.428678	0.819030	0.167962	0.567203	0.309661	0.581244	0.382785	0.707751	0.036382	0.714824	0.392342	0.308660	0.664117	0.328077	0.363988	0.396007	0.634276	0.762257	0.829900	0.465349	0.269563	0.667231	0.218674	0.458534	0.379688	0.669893	0.410411	0.654559	0.322361	0.663084	0.531836	0.667144	0.575241	0.660890	0.551477	0.754383	0.296344	0.884002	0.310329	0.696207	0.451710	0.767465	0.214395	0.378206	0.527345	0.627575	0.743248	0.340847	0.865610	0.726642	0.541178	0.872938	0.450626	0.395064	0.398595	0.665445	0.437056	0.819720	0.369934	0.254151	0.797001	0.536005	0.845790	0.530098	0.737208	0.517715	
0.524281	0.594999	0.659672	0.537677	0.590014	0.252598	0.467348	0.386776	0.552726	0.837554	0.774378	0.551118	0.600697	0.541737	0.338185	0.642602	0.435755	0.201207	0.584865	0.412563	0.520319	0.508614	0.900330	0.258953	0.384911	0.777344	0.377972	0.299065	0.704337	0.812506	0.406904	0.646341	0.068917	0.563238	0.539653	0.594902	0.316142	0.793567	0.230548	0.560191	0.647085	0.417342	0.250070	0.523692	0.816674	0.354946	0.142936	0.520353	0.371319	0.473589	0.759034	0.177425	0.505176	0.689429	0.546985	0.456446	0.501936	0.209360	0.493731	0.539266	0.651849	0.677261	0.357363	0.597134	0.306422	0.353687	0.883848	0.324901	0.439112	0.533890	0.532491	0.492243	0.395137	0.772208	0.790679	0.739909	0.151820	0.555712	0.572580	0.546259	0.896898	0.474643	0.411900	0.516683	0.696824	0.482003	0.334643	0.144329	0.385708	0.585118	0.583576	0.553907	0.435813	0.758115	0.379764	0.244392	0.684842	0.355571	0.343823	0.381383	
0.156691	0.282814	0.828439	0.501211	0.412999	0.454882	0.458890	0.735007	0.497647	0.271169	0.465495	0.769817	0.492703	0.316217	0.490848	0.326283	0.786337	0.534474	0.235680	0.334513	0.718279	0.409519	0.683754	0.814479	0.550798	0.348503	0.565432	0.376003	0.416059	0.735095	0.165851	0.874594	0.428678	0.539653	0.221057	0.253630	0.489971	0.441624	0.861293	0.204359	0.912947	0.375410	0.595504	0.541547	0.478445	0.609130	0.493088	0.780149	0.494938	0.696010	0.214926	0.403453	0.618793	0.688897	0.585186	0.262540	0.342336	0.307691	0.168639	0.435295	0.363319	0.146594	0.757451	0.643251	0.281216	0.353965	0.535388	0.765486	0.249387	0.531918	0.418966	0.871161	0.609629	0.658564	0.140182	0.491184	0.208079	0.194486	0.606927	0.755743	0.588478	0.450282	0.477627	0.572673	0.442630	0.431277	0.624856	0.323849	0.573707	0.184123	0.668205	0.431072	0.043307	0.535398	0.265497	0.115706	0.330675	0.908799	0.748271	0.575763	
0.729690	0.819815	0.409412	0.118199	0.584609	0.457673	0.387275	0.423123	0.458584	0.574446	0.167866	0.671027	0.727323	0.454987	0.363810	0.569482	0.667451	0.582605	0.659961	0.729543	0.746654	0.196819	0.539510	0.117319	0.453440	0.753549	0.824290	0.605718	0.640323	0.635599	0.326447	0.162488	0.819030	0.594902	0.253630	0.959141	0.488145	0.703240	0.499908	0.309271	0.681176	0.699022	0.540445	0.928716	0.322845	0.372046	0.652730	0.193229	0.672683	0.502374	0.821878	0.322089	0.395375	0.033270	0.719240	0.374680	0.458750	0.648239	0.246488	0.571742	0.091822	0.680100	0.413233	0.524627	0.307331	0.586959	0.660536	0.536111	0.575571	0.303680	0.542532	0.563989	0.403958	0.618982	0.636398	0.717846	0.781988	0.753514	0.765979	0.254990	0.422297	0.321425	0.591787	0.748277	0.491641	0.638687	0.371588	0.223972	0.714809	0.903972	0.668906	0.148138	0.489190	0.879733	0.385531	0.656762	0.744903	0.277323	0.890691	0.590954	
0.400774	0.320534	0.462662	0.397288	0.541435	0.531688	0.738228	0.148524	0.593324	0.817473	0.345016	0.240687	0.728865	0.567019	0.337829	0.796109	0.617724	0.328051	0.773882	0.513360	0.398817	0.724222	0.831070	0.389389	0.343082	0.622863	0.381673	0.616682	0.457306	0.359548	0.506445	0.293145	0.167962	0.316142	0.489971	0.488145	0.361007	0.364450	0.417443	0.455011	0.463231	0.700922	0.554406	0.193435	0.351869	0.577159	0.729516	0.838396	0.298102	0.453598	0.366792	0.290772	0.467566	0.352867	0.426000	0.605000	0.491992	0.615266	0.685699	0.781793	0.625612	0.421797	0.664078	0.497809	0.699760	0.790120	0.765628	0.507903	0.407184	0.258638	0.713044	0.606327	0.276563	0.540682	0.494878	0.742493	0.800092	0.674507	0.454298	0.528628	0.800033	0.570688	0.554481	0.839975	0.728970	0.702608	0.350275	0.543193	0.660762	0.648192	0.523827	0.109753	0.436241	0.447248	0.543767	0.767491	0.840970	0.528560	0.743025	0.853163	
0.733810	0.406145	0.738083	0.529264	0.493583	0.718121	0.509138	0.287378	0.493428	0.159497	0.402655	0.289289	0.313268	0.741957	0.165677	0.390746	0.267269	0.159382	0.915575	0.697890	0.523951	0.563107	0.390492	0.568679	0.686454	0.082981	0.529942	0.593591	0.379593	0.603722	0.848595	0.430241	0.567203	0.793567	0.441624	0.703240	0.364450	0.400293	0.125394	0.451710	0.637640	0.879682	0.265249	0.432805	0.289359	0.329661	0.565999	0.424956	0.485737	0.391928	0.603481	0.728048	0.823043	0.797364	0.679525	0.490024	0.481867	0.376963	0.862907	0.311793	0.466566	0.175363	0.810259	0.788831	0.215872	0.599307	0.380767	0.190103	0.227380	0.575877	0.298379	0.467506	0.705455	0.493329	0.627806	0.749762	0.829357	0.534154	0.671063	0.794749	0.471740	0.661531	0.740864	0.615068	0.605570	0.600993	0.601158	0.315821	0.481975	0.350739	0.628698	0.655460	0.473278	0.315449	0.474141	0.606180	0.387353	0.527145	0.625754	0.389381	
0.537205	0.442142	0.569303	0.723161	0.268333	0.551370	0.677430	0.753210	0.773708	0.521150	0.472444	0.598661	0.505972	0.402521	0.616043	0.179231	0.449314	0.338579	0.163482	0.581029	0.560370	0.382452	0.312175	0.537416	0.542676	0.766173	0.508617	0.331696	0.357509	0.685582	0.542496	0.367530	0.309661	0.230548	0.861293	0.499908	0.417443	0.125394	0.349320	0.572622	0.549747	0.434507	0.318212	0.683433	0.666735	0.704446	0.643393	0.704193	0.141755	0.763567	0.545775	0.831062	0.120817	0.536051	0.740732	0.618507	0.404328	0.344321	0.392104	0.433385	0.299562	0.495812	0.716907	0.484229	0.499852	0.347790	0.247260	0.441588	0.609111	0.014305	0.638543	0.116415	0.834734	0.302228	0.565096	0.731229	0.868564	0.449022	0.700220	0.935676	0.714489	0.550598	0.340570	0.548617	0.063648	0.073191	0.401833	0.721853	0.711355	0.016839	0.295885	0.592552	0.534833	0.733139	0.849471	0.406498	0.312901	0.447511	0.178899	0.561898	
0.909457	0.132969	0.491225	0.289148	0.361847	0.520284	0.569089	0.823319	0.253638	0.517736	0.525636	0.361713	0.360085	0.520504	0.828661	0.520542	0.326690	0.316670	0.397958	0.297625	0.892625	0.510007	0.882027	0.380125	0.199863	0.508436	0.848949	0.513572	0.443118	0.296237	0.427296	0.851484	0.581244	0.560191	0.204359	0.309271	0.455011	0.451710	0.572622	0.604478	0.709363	0.376450	0.626595	0.669202	0.817377	0.505342	0.043064	0.139352	0.897433	0.432244	0.465380	0.422653	0.500099	0.170202	0.177407	0.843429	0.140563	0.695279	0.881720	0.191616	0.477502	0.267376	0.600414	0.177641	0.106443	0.921465	0.832137	0.377351	0.767894	0.100085	0.501803	0.127868	0.464520	0.212555	0.514787	0.713366	0.688113	0.639756	0.512843	0.684539	0.607408	0.381283	0.424094	0.714382	0.124864	0.457675	0.811114	0.637059	0.347016	0.714984	0.474717	0.085905	0.511270	0.769436	0.493351	0.343096	0.612662	0.473306	0.837092	0.334237	
0.908418	0.195910	0.569967	0.278592	0.683292	0.214240	0.425400	0.550321	0.346110	0.379499	0.704300	0.237934	0.425801	0.422359	0.551717	0.403579	0.848398	0.567650	0.654978	0.609813	0.303732	0.594854	0.668212	0.353139	0.482454	0.582988	0.600955	0.394054	0.625580	0.258733	0.263601	0.400825	0.382785	0.647085	0.912947	0.681176	0.463231	0.637640	0.549747	0.709363	0.356256	0.563324	0.654720	0.719052	0.289878	0.724760	0.760105	0.670419	0.230049	0.204813	0.451147	0.555154	0.513902	0.152429	0.509719	0.601263	0.657828	0.670343	0.357419	0.622393	0.490164	0.880025	0.574102	0.425641	0.647210	0.480809	0.853899	0.339323	0.646166	0.461634	0.247458	0.833053	0.104057	0.161591	0.120404	0.507109	0.771766	0.186580	0.630412	0.149164	0.750402	0.612225	0.243213	0.622539	0.187796	0.204369	0.337421	0.783086	0.523816	0.513620	0.346860	0.544754	0.512387	0.149510	0.499510	0.634575	0.241500	0.872352	0.487708	0.748918	
0.470654	0.650664	0.212105	0.401201	0.370208	0.634531	0.605216	0.311338	0.793574	0.248032	0.701687	0.604645	0.487643	0.372834	0.519455	0.489792	0.876706	0.677289	0.436162	0.100247	0.439001	0.814453	0.552628	0.288142	0.167100	0.550042	0.888448	0.455074	0.636899	0.762204	0.791596	0.070225	0.707751	0.417342	0.375410	0.699022	0.700922	0.879682	0.434507	0.376450	0.563324	0.133604	0.543443	0.352728	0.785761	0.572015	0.653236	0.157238	0.482691	0.782573	0.356529	0.604263	0.500641	0.542135	0.204266	0.527597	0.147956	0.251581	0.693641	0.513783	0.338075	0.245856	0.170950	0.646297	0.738584	0.712601	0.571532	0.350131	0.820224	0.864212	0.331260	0.240105	0.535784	0.465309	0.659320	0.209348	0.422882	0.375715	0.435147	0.906350	0.371382	0.543744	0.394845	0.356228	0.857496	0.764722	0.310983	0.292686	0.302337	0.274592	0.666860	0.327806	0.306279	0.326873	0.233315	0.782847	0.479485	0.704710	0.522016	0.406292	
0.081269	0.765534	0.363131	0.702085	0.603081	0.388853	0.352693	0.874883	0.615288	0.390945	0.359201	0.256005	0.464952	0.205634	0.420550	0.666297	0.593186	0.713601	0.507748	0.821633	0.475451	0.443676	0.388700	0.569569	0.751011	0.428784	0.342106	0.406607	0.358913	0.518606	0.161479	0.557265	0.036382	0.250070	0.595504	0.540445	0.554406	0.265249	0.318212	0.626595	0.654720	0.543443	0.244086	0.702482	0.575205	0.625324	0.412779	0.647992	0.617305	0.093480	0.261547	0.831862	0.473549	0.617910	0.490255	0.907615	0.648488	0.604994	0.544973	0.564815	0.233484	0.526334	0.615304	0.665809	0.412316	0.365186	0.380228	0.835979	0.714584	0.461861	0.716109	0.816858	0.791755	0.322017	0.800656	0.503669	0.447331	0.450462	0.921664	0.517196	0.319892	0.525646	0.896477	0.161875	0.039493	0.335214	0.491662	0.302655	0.557155	0.562350	0.687449	0.244250	0.395728	0.194639	0.114671	0.512637	0.235178	0.391882	0.399255	0.408801	
0.278692	0.412078	0.394506	0.238341	0.173261	0.456480	0.290950	0.610768	0.395895	0.514240	0.586645	0.781762	0.650732	0.397337	0.480043	0.184843	0.628415	0.776067	0.223796	0.551190	0.527543	0.561982	0.772975	0.491847	0.509312	0.714501	0.368763	0.306781	0.292692	0.583076	0.707891	0.517477	0.714824	0.523692	0.541547	0.928716	0.193435	0.432805	0.683433	0.669202	0.719052	0.352728	0.702482	0.913153	0.616198	0.712109	0.179539	0.322865	0.058895	0.764379	0.734366	0.524699	0.782837	0.684408	0.512844	0.633316	0.291636	0.531706	0.186186	0.545859	0.269046	0.493676	0.129443	0.481722	0.120527	0.556053	0.307083	0.532424	0.222233	0.513052	0.330517	0.027178	0.462516	0.282719	0.262761	0.437013	0.638370	0.468337	0.656013	0.332227	0.400288	0.527883	0.526504	0.341182	0.365846	0.475029	0.399009	0.203565	0.181882	0.333521	0.443629	0.626013	0.146840	0.245223	0.626983	0.133709	0.515178	0.439974	0.397830	0.235987	
